 Net Income to Total Assets, Net Income to Stockholder's Equity, Persistent EPS in the Last Four Seasons, Liability to Equity, Net worth/Assets, Borrowing dependency, ROA(B) before interest and depreciation after tax, Per Share Net profit before tax (Yuan ¥),Bankrupt?
0.780554329,0.838868677,0.20487851,0.279035542,0.884390967,0.372957594,0.506986455,0.16072908,0
0.780904873,0.838903365,0.206296681,0.278958815,0.885660731,0.376006245,0.494940843,0.163214582,0
0.774922308,0.837950587,0.205634868,0.282390644,0.841672461,0.375790401,0.500990417,0.160804399,0
0.762572121,0.837111263,0.20090763,0.280714134,0.860204976,0.376311557,0.482681086,0.156435942,0
0.741395798,0.832889636,0.18663137,0.286956934,0.807933005,0.387554436,0.503346004,0.142351435,0
0.781259416,0.838776337,0.207809398,0.280468457,0.863318923,0.374685461,0.503185395,0.164419673,0
0.769285055,0.838633405,0.202514891,0.275670735,0.965081477,0.369637181,0.476899192,0.159825262,0
0.766763091,0.837882553,0.198260376,0.278721601,0.889772349,0.369637181,0.471438514,0.157415079,0
0.734826381,0.835944054,0.188522265,0.277724905,0.909121142,0.374490866,0.446704856,0.150711757,0
0.744052503,0.834184641,0.196369481,0.284327824,0.825044593,0.381734488,0.478291129,0.148602847,0
0.773658527,0.837513374,0.192020422,0.284405591,0.824470176,0.37950895,0.485786177,0.147924983,1
0.781470021,0.838511681,0.202514891,0.283284064,0.833479457,0.378907272,0.505808662,0.160126535,0
0.769159788,0.837615353,0.198827645,0.281112596,0.855367778,0.377513795,0.494137802,0.156887851,0
0.764959172,0.837552718,0.199489458,0.27963532,0.874928198,0.374203448,0.463033353,0.157866988,0
0.759264804,0.838148354,0.201569443,0.275499284,0.971127974,0.369799344,0.463515177,0.160352489,0
0.766285396,0.83865161,0.1987331,0.27481328,0.998488376,0.369637181,0.457733283,0.156737215,0
0.768344799,0.837614514,0.192304056,0.280731745,0.859963116,0.378039424,0.494833771,0.151464939,0
0.766548104,0.836695636,0.199678548,0.284462246,0.824046921,0.379219295,0.487981155,0.156586578,1
0.769363519,0.837385245,0.194194951,0.282460126,0.841007346,0.381457134,0.487285187,0.154929577,0
0.741734091,0.836378496,0.183795027,0.277800656,0.90751882,0.374169897,0.464960651,0.141824207,0
0.746042285,0.836280373,0.200056727,0.278924305,0.886265381,0.369734479,0.461320199,0.154929577,0
0.783552834,0.839133502,0.203838518,0.278609863,0.891737461,0.370446875,0.49049735,0.160578444,0
0.772771229,0.835820351,0.19476222,0.294308656,0.778274934,0.389409796,0.487874083,0.15101303,0
0.746585997,0.831081516,0.175002364,0.294222142,0.778547027,0.391787431,0.453450399,0.141372298,1
0.751323935,0.837426351,0.200623995,0.276508434,0.938960607,0.369637181,0.457840355,0.159373352,0
0.745100943,0.83146459,0.179256878,0.292372455,0.784351664,0.393734497,0.449006906,0.138510206,1
0.736458371,0.836038729,0.201285809,0.277760508,0.908365329,0.373761695,0.476203223,0.155908714,0
0.762374194,0.835436744,0.189184079,0.287827771,0.803277202,0.384295533,0.466084908,0.150033893,0
0.753061253,0.836807818,0.195896757,0.278928922,0.886174683,0.369637181,0.444402805,0.152142803,0
0.732172397,0.832097339,0.203271249,0.286015202,0.813495783,0.374083783,0.516890626,0.166151992,0
0.775761374,0.83850599,0.197882197,0.279020403,0.884632826,0.372472226,0.478933562,0.161331626,0
0.786651339,0.83879778,0.206202137,0.28733259,0.805877196,0.371015002,0.497403501,0.164344355,0
0.772952874,0.838155831,0.201853077,0.279877176,0.871390997,0.376974745,0.495529739,0.157716352,0
0.781390509,0.838733888,0.205634868,0.281000524,0.856698008,0.378587421,0.511911773,0.159599307,0
0.782545024,0.838733382,0.207903943,0.28212046,0.844363153,0.376492732,0.497938862,0.165850719,0
0.784666748,0.839092235,0.207147584,0.280178713,0.867188681,0.371570827,0.499330799,0.164871582,0
0.788899468,0.839357241,0.202987615,0.28203529,0.845239895,0.376374186,0.500990417,0.165624765,0
0.761950075,0.836807965,0.194856765,0.281768434,0.848021284,0.376264586,0.487178114,0.151540258,0
0.724460456,0.836094582,0.190318616,0.276021043,0.953472201,0.371006055,0.431661224,0.15018453,0
0.764641757,0.837226563,0.201096719,0.281019525,0.856456148,0.375620411,0.492371112,0.159674625,0
0.769997265,0.838160669,0.209983927,0.278505003,0.893642108,0.373907082,0.505219766,0.161030353,0
0.75067227,0.829970625,0.192682235,0.30011899,0.764458687,0.382657135,0.453236255,0.146117346,0
0.745255553,0.8358665,0.197314929,0.279932398,0.870604952,0.377908576,0.454735264,0.156360624,1
0.761751414,0.837139505,0.199678548,0.280291553,0.865646824,0.375405685,0.487981155,0.156134669,0
0.783723459,0.839005301,0.208660301,0.280268971,0.865949149,0.378098698,0.510412763,0.164796264,0
0.749554827,0.830318008,0.180107781,0.298267792,0.768298213,0.404609435,0.456073666,0.142577389,1
0.745668231,0.836928725,0.199678548,0.276985199,0.926293195,0.372597482,0.496225708,0.150561121,0
0.758339306,0.837755545,0.197125839,0.276821651,0.93049551,0.372880427,0.469243536,0.157942306,0
0.743287256,0.836539954,0.18861681,0.277645894,0.910844393,0.370587788,0.41624284,0.15357385,0
0.701446021,0.824230028,0.158173395,0.292176284,0.785016779,0.389075407,0.389528347,0.131430293,1
0.741219621,0.836118992,0.203649428,0.278392486,0.895728149,0.374250419,0.441779539,0.160879717,0
0.720343007,0.835207635,0.201380354,0.277278457,0.919158328,0.370284712,0.424540928,0.15357385,0
0.768172474,0.837291019,0.199584003,0.282331778,0.842246878,0.378822277,0.492424648,0.157113806,0
0.778829359,0.838572369,0.206296681,0.280425038,0.86389334,0.376434577,0.495208523,0.163440536,0
0.735118647,0.836666949,0.182187766,0.276058698,0.952293134,0.370335038,0.430162214,0.143556526,0
0.736420685,0.836247539,0.188900444,0.277248859,0.919853675,0.372020408,0.426468226,0.149581984,0
0.749286397,0.836313694,0.202609436,0.279576274,0.875835172,0.375955919,0.466834413,0.154101077,0
0.745900634,0.831876557,0.156471589,0.291574578,0.787133053,0.394037572,0.475667862,0.104617007,0
0.778376628,0.838250162,0.209511204,0.282749743,0.83825619,0.379380339,0.508646073,0.162235445,0
0.712156547,0.834375908,0.193911317,0.277808944,0.907337425,0.369725532,0.429198565,0.15357385,0
0.719603248,0.8296673,0.101824714,0.287647114,0.804214409,0.37411286,0.402055785,0.081720268,1
0.770342468,0.837972539,0.199394913,0.279704698,0.873900293,0.374824138,0.493870122,0.154929577,0
0.712650671,0.833997261,0.185875012,0.278521804,0.893339783,0.373345665,0.376144333,0.145364164,0
0.789302943,0.83946806,0.209227569,0.280478916,0.863197993,0.373146597,0.505059157,0.166076674,0
0.782320198,0.838850005,0.20090763,0.280654842,0.860930556,0.369637181,0.496546924,0.156059351,0
0.750594567,0.83639992,0.19258769,0.279634272,0.87495843,0.377195062,0.46945768,0.148075619,0
0.687477445,0.82997011,0.172827834,0.281445709,0.851558485,0.379419481,0.393115263,0.135572795,0
0.772197002,0.836093142,0.200056727,0.292018645,0.785560964,0.375751259,0.480753788,0.161934172,0
0.76069253,0.833228607,0.205918502,0.295911725,0.773891224,0.402843544,0.485464961,0.1641184,1
0.779891459,0.838791225,0.207242129,0.279277925,0.880460743,0.37463849,0.512875422,0.164871582,0
0.730134324,0.83666951,0.1987331,0.275447858,0.973002388,0.370348459,0.421328765,0.158168261,0
0.7467552,0.836468499,0.181336863,0.27853053,0.89318862,0.373050418,0.436158253,0.146267982,0
0.638476416,0.830766512,0.171220573,0.276553929,0.937690843,0.371768777,0.357942074,0.127589064,0
0.754316032,0.837234593,0.189562258,0.277778952,0.907972307,0.373567101,0.482359869,0.149581984,0
0.784134301,0.838965545,0.20686395,0.281178666,0.854581734,0.375965984,0.507843032,0.164043082,0
0.739554525,0.834697107,0.193722227,0.281721193,0.848535236,0.379742688,0.457733283,0.148602847,1
0.772336852,0.838433417,0.202325801,0.277874481,0.905976963,0.369637181,0.491353927,0.161708217,0
0.779882115,0.838125811,0.201758533,0.285241765,0.818514376,0.378402892,0.496439852,0.160503126,0
0.781440946,0.837530647,0.198827645,0.293001999,0.782265623,0.389318091,0.496921677,0.151540258,0
0.762845731,0.838093498,0.210456651,0.276542175,0.9380234,0.370690677,0.494351946,0.165323492,0
0.772557943,0.838030242,0.197976742,0.280451629,0.86353055,0.373922739,0.467102093,0.166076674,0
0.762915612,0.83715083,0.194384041,0.280673031,0.860718929,0.375658435,0.468440495,0.154552986,0
0.772413311,0.838136939,0.19693675,0.279722062,0.873658433,0.374729077,0.478184057,0.157038488,0
0.774113384,0.838145518,0.205918502,0.280573088,0.861988693,0.373428424,0.492478184,0.162310763,0
0.714419793,0.829999215,0.179256878,0.285815515,0.814735315,0.385143251,0.428502596,0.138058296,1
0.767729226,0.837274702,0.187009549,0.282191016,0.843667805,0.378688074,0.482359869,0.146192664,0
0.758176367,0.830394219,0.190224071,0.304871344,0.756416846,0.408288841,0.508378393,0.136551932,0
0.771433674,0.838524058,0.202987615,0.276980168,0.926444357,0.372324602,0.491407463,0.151088348,0
0.764452323,0.837991313,0.20487851,0.277442129,0.915379267,0.373330008,0.475882007,0.162461399,0
0.756616784,0.835506166,0.180958684,0.284680449,0.822444599,0.377457877,0.460677766,0.141824207,0
0.735525782,0.835934405,0.189089534,0.277859711,0.906279288,0.37313094,0.442368435,0.150636439,0
0.78844188,0.839472963,0.207525763,0.278959866,0.885660731,0.369657312,0.510573371,0.159975898,0
0.753532871,0.832863777,0.185875012,0.292450648,0.784079572,0.392287338,0.498420686,0.142577389,0
0.686929016,0.834397818,0.20270398,0.275525726,0.970190767,0.369637181,0.402751753,0.15907208,0
0.777825186,0.838247791,0.201853077,0.282321713,0.842367808,0.378913982,0.490657958,0.160126535,0
0.767402501,0.837840789,0.207147584,0.279171156,0.882153762,0.373337837,0.495529739,0.156586578,0
0.779972724,0.838774067,0.204783965,0.279489789,0.877135169,0.376843897,0.508592537,0.160051216,0
0.78009251,0.838982675,0.207242129,0.277679553,0.910118814,0.373645386,0.506076342,0.161030353,0
0.739111151,0.833539323,0.185875012,0.284550276,0.823381806,0.379450795,0.41624284,0.145138209,0
0.71774899,0.834821174,0.157795216,0.277685085,0.909997884,0.372265329,0.45628781,0.121036379,0
0.708898231,0.825464003,0.167722417,0.292197527,0.784956314,0.390448753,0.394132448,0.116893877,0
0.726067157,0.836253713,0.194478586,0.275875756,0.958158237,0.37000624,0.389153595,0.149883257,0
0.775460779,0.838074854,0.205445779,0.281892921,0.846721287,0.374568033,0.508646073,0.162762672,0
0.751338862,0.837318243,0.201096719,0.276860514,0.929497838,0.371565235,0.469832432,0.152745349,0
0.733462603,0.835378261,0.199205824,0.278819005,0.888049098,0.375481734,0.45302211,0.15779167,0
0.726864711,0.834896735,0.199016734,0.278796589,0.88844212,0.370224321,0.419026714,0.157641033,0
0.767164017,0.838077465,0.20289307,0.277894067,0.905553708,0.374173252,0.490818566,0.161783535,0
0.74299213,0.835979905,0.197598563,0.279116612,0.883060737,0.373950698,0.457786819,0.151314303,0
0.70462502,0.83334467,0.192209511,0.278632809,0.891344439,0.375031035,0.412923604,0.151690894,1
0.77481035,0.838212958,0.203365794,0.280525663,0.862593343,0.377395249,0.513464318,0.159373352,0
0.783990745,0.839104279,0.207903943,0.279348473,0.879342141,0.376974745,0.511162268,0.164796264,0
0.751015215,0.837890533,0.201663988,0.274961632,0.992109321,0.369637181,0.428127844,0.157716352,0
0.779681108,0.838878269,0.207620308,0.278361575,0.896332799,0.374233643,0.511055196,0.1641184,0
0.719422154,0.831101288,0.184267751,0.284900392,0.82087251,0.381707647,0.420900476,0.144385027,0
0.746637162,0.836184636,0.188144086,0.279335091,0.879553768,0.374814073,0.440762353,0.145816073,0
0.718106646,0.832859441,0.180202326,0.281361035,0.852495692,0.377580897,0.442903796,0.14340589,0
0.772015564,0.836828959,0.19655857,0.287405593,0.805484173,0.386377921,0.495101451,0.155758078,0
0.730118114,0.811333125,0.179351423,0.330910521,0.733893642,0.415932836,0.438781519,0.141974844,0
0.741234281,0.836458097,0.186820459,0.277502074,0.914018805,0.371817985,0.446223031,0.144987572,0
0.770210401,0.838156169,0.210456651,0.278616653,0.891616531,0.372429728,0.508164249,0.157565715,0
0.808351221,0.840958232,0.201285809,0.278731809,0.889590954,0.375520876,0.474382997,0.173683814,0
0.802659823,0.840546435,0.20289307,0.278933369,0.886114218,0.376095714,0.488784196,0.170746404,0
0.759320012,0.837831488,0.203649428,0.276757256,0.93218853,0.372355916,0.483698271,0.161256308,0
0.748013754,0.837673651,0.196842205,0.275181975,0.983130272,0.369637181,0.480057819,0.155381487,0
0.78785469,0.83921165,0.199394913,0.282824954,0.837591075,0.377100002,0.486000321,0.162536718,0
0.769709587,0.837601436,0.203082159,0.281462444,0.851346857,0.376451352,0.495422667,0.160427807,0
0.752582536,0.833780324,0.186725915,0.288870278,0.798198144,0.381433649,0.456662562,0.155758078,1
0.753802881,0.837660398,0.190980429,0.276204637,0.947818726,0.371482476,0.45045238,0.150109211,0
0.761471672,0.835932065,0.188427721,0.285239815,0.818514376,0.384586307,0.472723379,0.141974844,0
0.786933409,0.839392949,0.212253002,0.278415895,0.895304895,0.374572507,0.509181434,0.167959629,0
0.763822859,0.838248677,0.1987331,0.276103798,0.95090244,0.371504844,0.477220408,0.153724486,0
0.774552357,0.837147237,0.195896757,0.287554866,0.804698129,0.389985752,0.481663901,0.153347895,0
0.714108841,0.831932677,0.176987804,0.282343523,0.842156181,0.379325539,0.424808609,0.141899525,0
0.779225121,0.838415902,0.202136712,0.282066297,0.844907337,0.375216682,0.494512554,0.157565715,0
0.646034343,0.832044666,0.197031294,0.275753164,0.962239623,0.369637181,0.359815836,0.156285305,0
0.774197551,0.837693037,0.183795027,0.283619992,0.830637603,0.383558534,0.490604422,0.146117346,0
0.7778896,0.838964719,0.206580316,0.276649986,0.935060616,0.371775487,0.486375074,0.164946901,0
0.712524815,0.827981411,0.17055876,0.288897943,0.798077214,0.383531693,0.418705498,0.136476614,1
0.77698527,0.837362387,0.196274936,0.288420401,0.800314418,0.376299255,0.472830451,0.158544852,0
0.767050789,0.837410037,0.200529451,0.281184383,0.854521269,0.375880989,0.483965951,0.158318897,0
0.77301737,0.837939029,0.200529451,0.28127314,0.853493364,0.377658063,0.489480165,0.158243579,0
0.772882339,0.838896687,0.189089534,0.275211563,0.981981437,0.36997269,0.411745811,0.163817127,0
0.784503077,0.839190023,0.208093032,0.278773596,0.888835142,0.375923486,0.514481503,0.165775401,0
0.773236469,0.83723739,0.20071854,0.285853376,0.814493455,0.387225638,0.494780234,0.156209987,0
0.756295546,0.837630624,0.200813085,0.276824428,0.930435045,0.370711926,0.453236255,0.154628305,0
0.757414974,0.837558979,0.204500331,0.277346816,0.917556006,0.371741936,0.477702232,0.160051216,0
0.755299927,0.837483482,0.19655857,0.277131608,0.922695529,0.370507266,0.453075646,0.156435942,0
0.783171279,0.839277572,0.20903848,0.276669321,0.934546664,0.372067379,0.49226404,0.161934172,0
0.748444755,0.836201493,0.194100407,0.279712742,0.873779363,0.373624137,0.46035655,0.151464939,0
0.752343027,0.836242269,0.205729413,0.280619165,0.861384043,0.376303729,0.529043311,0.143104617,0
0.734199772,0.837070181,0.192871325,0.274998693,0.990567464,0.369637181,0.407998287,0.143029299,0
0.771151206,0.838222769,0.196369481,0.27862986,0.891404904,0.375104846,0.485625569,0.156360624,0
0.7813001,0.838491184,0.204500331,0.283309193,0.83326783,0.375722181,0.501472242,0.159373352,0
0.775929096,0.838703225,0.204500331,0.277692066,0.909846721,0.371352747,0.504791477,0.161406944,0
0.760956743,0.838282288,0.19476222,0.275307033,0.978293074,0.369637181,0.473365812,0.151540258,0
0.768666696,0.83638994,0.201285809,0.287350665,0.805786498,0.382475961,0.512179453,0.156360624,0
0.766198388,0.837578944,0.200623995,0.279990199,0.869788675,0.378122183,0.503346004,0.146719892,0
0.745995096,0.833175774,0.195424033,0.287870801,0.803065574,0.386017809,0.488516516,0.155155532,1
0.727565502,0.82658312,0.172922379,0.296426659,0.772591227,0.394194143,0.445205846,0.129246065,0
0.775852291,0.838698692,0.204027607,0.277687785,0.909937419,0.373409412,0.491568071,0.161783535,0
0.779994042,0.839025567,0.205823958,0.277232666,0.920246697,0.370524041,0.498474222,0.163214582,0
0.712459207,0.835102523,0.194951309,0.276590075,0.93669317,0.369813882,0.404946732,0.157038488,0
0.778903888,0.83862258,0.202798525,0.280054445,0.8688817,0.371230845,0.498581295,0.162386081,0
0.632955726,0.831639192,0.167911506,0.275494949,0.971279137,0.369637181,0.374377643,0.128116291,0
0.782819839,0.838606393,0.20468942,0.283809233,0.829095746,0.377047439,0.49809947,0.162612036,0
0.694647626,0.826600703,0.183322303,0.287185831,0.80666324,0.382680621,0.368970502,0.145138209,0
0.763323465,0.838196666,0.190034982,0.276210533,0.947637331,0.370751069,0.476310295,0.149581984,0
0.698118152,0.814060903,0.133497211,0.306335489,0.754330804,0.374796179,0.408265967,0.107931009,0
0.754063641,0.836552928,0.192304056,0.280065923,0.868730538,0.373196923,0.45098774,0.149883257,0
0.780568146,0.838631097,0.208660301,0.281272184,0.853523596,0.378283227,0.511965309,0.158770807,0
0.728998642,0.83666116,0.194194951,0.275340632,0.976993077,0.370153864,0.404518443,0.13368984,0
0.778739826,0.838850504,0.2050676,0.27803089,0.902772319,0.374437185,0.48262755,0.163214582,0
0.689880264,0.83480436,0.19258769,0.275180913,0.983190737,0.369637181,0.364419937,0.154854259,1
0.739076504,0.833536587,0.183133214,0.284547165,0.823412039,0.37889497,0.454199904,0.144460345,0
0.776534563,0.838526688,0.208093032,0.279303069,0.880037488,0.371641284,0.500936881,0.163967764,0
0.789643282,0.839567961,0.211213009,0.278864085,0.887293285,0.374223578,0.503613684,0.167432402,0
0.74749196,0.835785219,0.190413161,0.280721793,0.860084046,0.373215935,0.429894534,0.142276117,0
0.696706423,0.828875024,0.1662097,0.284279995,0.825407383,0.379719202,0.388189946,0.126760563,0
0.619243199,0.830732073,0.188427721,0.275658327,0.965504731,0.370714163,0.386155576,0.148602847,0
0.788012174,0.839397423,0.209322114,0.279742309,0.873356108,0.371498133,0.512714813,0.166980493,0
0.725973761,0.833685207,0.192871325,0.281155064,0.854853826,0.376294782,0.465174795,0.134066431,0
0.724172996,0.835987918,0.193722227,0.276203347,0.947848958,0.370851721,0.424808609,0.152218122,0
0.726687995,0.834248179,0.18663137,0.280118661,0.868004958,0.37551193,0.403447722,0.138058296,0
0.759834279,0.836283092,0.203271249,0.283060258,0.835444569,0.376430104,0.481342684,0.159749944,0
0.78678553,0.83887236,0.204594876,0.28644125,0.810895789,0.386245954,0.497028749,0.16622731,1
0.763974124,0.83615386,0.200434906,0.285584284,0.816246939,0.380427124,0.49199636,0.15862017,0
0.68554781,0.831955636,0.177365983,0.278620179,0.891556066,0.375752377,0.430644039,0.111696919,1
0.727964981,0.829180533,0.181431408,0.291087359,0.788947002,0.39531474,0.453611007,0.135949386,0
0.769258962,0.837404676,0.204783965,0.282298797,0.842579436,0.381804944,0.503024787,0.160503126,0
0.776415176,0.836006475,0.197882197,0.297832004,0.769265653,0.400716422,0.487927619,0.158544852,0
0.677016845,0.817120872,0.168667864,0.295837897,0.774072618,0.392500945,0.408801328,0.127363109,0
0.782202495,0.839106162,0.207336674,0.277860522,0.906249055,0.371121246,0.495315595,0.163967764,0
0.759547754,0.835978115,0.192020422,0.284149727,0.826405055,0.382323864,0.427271267,0.159674625,0
0.707084774,0.834335252,0.197598563,0.277318876,0.91822112,0.371242029,0.464960651,0.139790615,0
0.734734917,0.834685334,0.187293183,0.28067381,0.860688696,0.374119571,0.437871406,0.145439482,0
0.781277238,0.838941783,0.204973055,0.278857854,0.887383983,0.374816309,0.517425986,0.162536718,0
0.709638926,0.835087655,0.19457313,0.276336404,0.943888503,0.369637181,0.410300337,0.153724486,0
0.780122775,0.837296845,0.197314929,0.293054004,0.78211446,0.388702993,0.49986616,0.156887851,0
0.767098496,0.837974119,0.203176704,0.278388038,0.895818847,0.37305601,0.476792119,0.160804399,0
0.767478529,0.83743983,0.201002175,0.281230668,0.853977084,0.37517083,0.492371112,0.15862017,1
0.727962107,0.833786935,0.213292994,0.281322219,0.852949179,0.377256572,0.524546282,0.131279657,0
0.759998844,0.838245152,0.197409473,0.275262983,0.979986093,0.369637181,0.464746507,0.158469534,0
0.787393478,0.839213583,0.208943935,0.281996208,0.845632917,0.37729236,0.500936881,0.166076674,0
0.782863408,0.838581336,0.200340361,0.284137738,0.826495752,0.377236442,0.501472242,0.155004896,0
0.757298741,0.836143837,0.203838518,0.282595816,0.83970735,0.37883346,0.501311633,0.145891391,0
0.743207398,0.833652222,0.15429706,0.285522076,0.816639961,0.386731323,0.517640131,0.120810424,0
0.774962322,0.838474849,0.201096719,0.278817139,0.88807933,0.375620411,0.501151025,0.159674625,0
0.760327373,0.837809361,0.197504018,0.27709256,0.923632736,0.37079133,0.455966594,0.148452211,0
0.751382158,0.837202077,0.202987615,0.277244713,0.919974605,0.371491423,0.460998983,0.160879717,0
0.796443056,0.840074993,0.201853077,0.278164937,0.90011186,0.372888256,0.492585256,0.170294494,0
0.775732341,0.836758868,0.194951309,0.291461744,0.787556308,0.384558348,0.493763049,0.153724486,0
0.76708769,0.837344224,0.198544011,0.281529823,0.850621278,0.369897759,0.463675786,0.15018453,0
0.784709739,0.839003015,0.208565756,0.281369638,0.852404994,0.375506338,0.505273302,0.164645628,0
0.765596202,0.837272265,0.192209511,0.281209868,0.854218944,0.375254707,0.47962953,0.154025759,0
0.746364491,0.837475036,0.198544011,0.275522586,0.970281464,0.370010714,0.460784839,0.157415079,0
0.803162008,0.840611517,0.199773093,0.279476546,0.877346797,0.371645757,0.474490069,0.172554041,0
0.762098162,0.837921928,0.210929375,0.277085481,0.923814131,0.370706334,0.508646073,0.162386081,0
0.782652683,0.838909529,0.204973055,0.280324336,0.865223569,0.376945668,0.511162268,0.164043082,0
0.768934851,0.836306308,0.201191264,0.28798834,0.802460925,0.382878571,0.493763049,0.160653762,1
0.772908885,0.837925614,0.203554883,0.281294868,0.853251504,0.377159275,0.495529739,0.160653762,0
0.752603682,0.837323084,0.20705304,0.27710103,0.923421108,0.372689187,0.513143102,0.16072908,0
0.765792492,0.838394132,0.203649428,0.275933588,0.956283823,0.37116598,0.476685047,0.159373352,0
0.759678078,0.836509071,0.193249504,0.282097743,0.844605013,0.380782763,0.493441833,0.152971304,0
0.768002266,0.837845371,0.199300369,0.279385872,0.878737491,0.375778099,0.481449756,0.156812533,0
0.596489782,0.830388904,0.213576629,0.275040338,0.988844212,0.369637181,0.515873441,0.139414024,0
0.760320863,0.836824663,0.204973055,0.281074263,0.855821266,0.37821948,0.511697628,0.144008436,0
0.669448062,0.819732584,0.188522265,0.291201119,0.788523748,0.390666834,0.428341988,0.136853205,0
0.77539858,0.839019712,0.207714853,0.275223623,0.981497717,0.369637181,0.465228331,0.158469534,0
0.751555578,0.836541832,0.203554883,0.279423992,0.878163074,0.376068873,0.495422667,0.155004896,0
0.761380322,0.837401774,0.195896757,0.27906684,0.883877014,0.37523905,0.46769099,0.156134669,0
0.76708586,0.836578828,0.198260376,0.28535106,0.817788796,0.384889383,0.507628888,0.157113806,0
0.763356808,0.834688254,0.183133214,0.291733561,0.786588868,0.391576061,0.471866802,0.148678165,0
0.785955339,0.839340962,0.210456651,0.27815255,0.90035372,0.373620782,0.511590556,0.166377947,0
0.787495604,0.839530134,0.201285809,0.276764281,0.932007135,0.372028236,0.482413405,0.166151992,0
0.763591378,0.835774702,0.201947622,0.287065892,0.807328355,0.379506714,0.510091547,0.157038488,1
0.723987576,0.833065814,0.181904132,0.282034216,0.845239895,0.375071295,0.41094277,0.142502071,0
0.749251468,0.836062174,0.187293183,0.280343908,0.864951477,0.377229731,0.381605011,0.136928523,0
0.682872852,0.829982933,0.189278623,0.280884572,0.858088702,0.374542311,0.394293056,0.146870528,0
0.713785994,0.83586956,0.196274936,0.275382369,0.97545122,0.369637181,0.352909685,0.152519394,0
0.723120734,0.832500082,0.170747849,0.28298742,0.836109683,0.380815195,0.427485411,0.133614521,1
0.726930176,0.831838796,0.185402288,0.28519174,0.818846933,0.380005502,0.416135767,0.147322437,0
0.796983664,0.840128616,0.204500331,0.280342763,0.864981709,0.37594809,0.500294448,0.170369812,0
0.76426544,0.83736718,0.197693108,0.280225997,0.866553799,0.374828611,0.482841694,0.157038488,0
0.730248408,0.836500736,0.193722227,0.275830874,0.959639629,0.369637181,0.427057123,0.155004896,0
0.627605077,0.829991744,0.198354921,0.276669096,0.934546664,0.371904098,0.363777504,0.159222716,1
0.756083222,0.837950165,0.196464026,0.275622587,0.966744263,0.369637181,0.475935543,0.155607441,0
0.789259667,0.839510531,0.210929375,0.279482719,0.877256099,0.37032721,0.509020826,0.164494991,0
0.747473394,0.830952323,0.118370048,0.29508508,0.776098195,0.402351465,0.455377697,0.068388943,0
0.738606013,0.834180254,0.186536825,0.282794277,0.837863168,0.381429175,0.463086889,0.13873616,0
0.739197981,0.827630444,0.146733478,0.299580589,0.765547057,0.406753332,0.480218427,0.113127966,1
0.76369984,0.836804789,0.203554883,0.28252615,0.840372464,0.372815562,0.472991059,0.161256308,0
0.779478708,0.83872438,0.206674861,0.279581948,0.875744475,0.375664027,0.500347984,0.162988627,0
0.743705627,0.835192924,0.19060225,0.281438453,0.85161895,0.378617617,0.486535682,0.148979438,0
0.773664631,0.836345665,0.188144086,0.291963126,0.785772591,0.386363382,0.502810643,0.146267982,1
0.772009924,0.836904202,0.1987331,0.286947998,0.80799347,0.380970648,0.5118047,0.161331626,0
0.723812339,0.828934744,0.166776969,0.290253108,0.792212111,0.37753057,0.414904438,0.135874068,0
0.75613015,0.834939038,0.179824147,0.286530073,0.810381836,0.384159094,0.492317576,0.147548392,1
0.787715345,0.839107948,0.204783965,0.284391411,0.824560873,0.38382023,0.499919696,0.164494991,1
0.759249272,0.836811167,0.195234944,0.280747418,0.859781721,0.376718641,0.486482146,0.153046622,0
0.766543625,0.837937603,0.20071854,0.278372239,0.896121172,0.372524788,0.488034691,0.15779167,0
0.785957053,0.838708621,0.199584003,0.28727974,0.806149288,0.379995437,0.499223727,0.158394216,0
0.749114745,0.836753331,0.193627683,0.278181241,0.899779303,0.372525907,0.422453022,0.156812533,0
0.73296737,0.834756707,0.191358608,0.280156679,0.867491006,0.369637181,0.400503239,0.142276117,0
0.761159433,0.837598607,0.195613123,0.278181557,0.899779303,0.374016681,0.488944804,0.153649168,0
0.763791132,0.837209528,0.194005862,0.28075321,0.859691024,0.378294411,0.510626907,0.154854259,0
0.728265036,0.832983091,0.192020422,0.283093078,0.835172476,0.382017433,0.428288452,0.151163666,1
0.777670406,0.838318177,0.201853077,0.281645879,0.849351513,0.375009786,0.49253172,0.160051216,0
0.716900561,0.832530912,0.182093221,0.28175712,0.848142214,0.375074651,0.434338027,0.14129698,0
0.757249447,0.835842442,0.191642243,0.283699744,0.830002721,0.380673164,0.505112693,0.151314303,0
0.765079261,0.838110912,0.208660301,0.277074151,0.924086223,0.372945292,0.504416725,0.156661897,0
0.758644689,0.836393229,0.190885884,0.282156572,0.844000363,0.379177916,0.514053215,0.154251713,0
0.77725323,0.838272929,0.205351234,0.281691667,0.848837561,0.376573254,0.500615665,0.163139263,0
0.77028434,0.838271016,0.203933062,0.278002059,0.903346736,0.370969149,0.485893249,0.162310763,0
0.759414621,0.837432373,0.193060414,0.278354227,0.896453729,0.374883411,0.494833771,0.153724486,0
0.765198287,0.837499665,0.203460338,0.279973946,0.870030535,0.376641474,0.4927994,0.161557581,0
0.717446434,0.817530344,0.151744351,0.309389312,0.750461045,0.406462558,0.410728626,0.115839422,1
0.759839315,0.838322818,0.202987615,0.274921202,0.993832572,0.369637181,0.44868569,0.161256308,0
0.778199191,0.837777345,0.195802212,0.286442839,0.810895789,0.381122745,0.5039349,0.16118099,0
0.775118035,0.838720277,0.205351234,0.277199227,0.921062974,0.371871666,0.495101451,0.159975898,0
0.771122546,0.838340219,0.204594876,0.277935778,0.904707198,0.372913978,0.492585256,0.159298034,0
0.784013952,0.838416999,0.198071287,0.287673023,0.804063246,0.385654342,0.499812624,0.161331626,0
0.746302669,0.836981876,0.196274936,0.276944881,0.927321099,0.372246317,0.463997002,0.155456805,0
0.709355768,0.825856753,0.169518767,0.291671418,0.786800496,0.384378292,0.472402163,0.133840476,1
0.768666737,0.837586463,0.199205824,0.281029416,0.856335218,0.376224325,0.515284544,0.15733976,0
0.668052588,0.832796095,0.190318616,0.276229657,0.947062914,0.369637181,0.389207131,0.125480154,0
0.736306601,0.836220619,0.195613123,0.27729634,0.918735073,0.372241843,0.439531024,0.152519394,0
0.742764505,0.83311848,0.192398601,0.286823003,0.808688817,0.380779408,0.471973874,0.142652708,0
0.756172835,0.836265378,0.197976742,0.281744134,0.848293376,0.371564117,0.454681728,0.156586578,0
0.739674014,0.837205097,0.197504018,0.275327479,0.977507029,0.370063277,0.441993683,0.156435942,0
0.766094828,0.8379717,0.196085847,0.278052685,0.902318832,0.373975302,0.513196638,0.15312194,0
0.710383638,0.825796715,0.199489458,0.2920561,0.785440034,0.385038125,0.507628888,0.159373352,0
0.771996375,0.837543863,0.203743973,0.283088059,0.835202709,0.380277264,0.506022806,0.16118099,1
0.703545612,0.833106348,0.174246005,0.27888106,0.88699096,0.374090493,0.394989025,0.134292385,0
0.784412189,0.838999307,0.20686395,0.281072707,0.855821266,0.375565611,0.493495369,0.16622731,0
0.71588115,0.835957224,0.158173395,0.275416005,0.974181455,0.369637181,0.397933508,0.129773292,0
0.787783761,0.839265158,0.205162144,0.281751585,0.848202679,0.377820226,0.503453076,0.162913309,0
0.765143291,0.837589819,0.194384041,0.279530886,0.876500287,0.371918637,0.491086247,0.150561121,0
0.79874094,0.840190203,0.203838518,0.275806623,0.960455906,0.370346222,0.455538305,0.173156587,0
0.758245976,0.837727923,0.20090763,0.276905566,0.928318771,0.372351443,0.457358531,0.15990058,0
0.746097549,0.832426099,0.155053418,0.290078757,0.792937691,0.386107278,0.45832218,0.12269338,0
0.754696049,0.836693433,0.189845892,0.279759015,0.873114249,0.375775863,0.460891911,0.148527529,1
0.749338541,0.836725416,0.191547698,0.278316119,0.897179309,0.374093848,0.470849617,0.157716352,0
0.770722568,0.838569413,0.204405786,0.27646973,0.940048977,0.371999159,0.494459018,0.161708217,0
0.774650248,0.838484317,0.205256689,0.278595516,0.892009553,0.371907453,0.501739922,0.161858854,0
0.741506627,0.835579179,0.113926444,0.279875869,0.871421229,0.376195248,0.483216446,0.086841907,0
0.780735964,0.838674786,0.194289496,0.281003906,0.856637543,0.378229546,0.522137159,0.152519394,0
0.772422742,0.838683525,0.206296681,0.276377952,0.942679203,0.370603445,0.484768992,0.163666491,0
0.750430839,0.831976032,0.177838707,0.293599485,0.780391208,0.392590414,0.463782858,0.139639979,1
0.742136914,0.835860911,0.19457313,0.279259676,0.880732836,0.37362861,0.480057819,0.154628305,1
0.784599504,0.839063858,0.210740286,0.28046742,0.863349155,0.372079681,0.506183415,0.164269037,0
0.735253575,0.836591419,0.192020422,0.2762558,0.946276869,0.370849484,0.440494673,0.152067485,0
0.780040856,0.838674265,0.206391226,0.280443138,0.86365148,0.37472684,0.500936881,0.160578444,0
0.767599076,0.835873537,0.191169519,0.289249728,0.796474892,0.369637181,0.482092189,0.151389621,0
0.726968662,0.833694756,0.194478586,0.281323889,0.852918947,0.376123673,0.435837036,0.145966709,0
0.761890282,0.838215225,0.199300369,0.275789286,0.961030323,0.370522923,0.46442529,0.156209987,0
0.774069558,0.83844189,0.20468942,0.278595524,0.892009553,0.374491985,0.521548263,0.161934172,0
0.76737505,0.838546901,0.196085847,0.275598744,0.967590773,0.370557592,0.473633492,0.155381487,0
0.76916277,0.836572219,0.197598563,0.286727042,0.809233002,0.383962262,0.485839713,0.151540258,0
0.770107387,0.82943024,0.174813274,0.327244693,0.735888986,0.442765661,0.463997002,0.132183475,0
0.74749636,0.835888974,0.187765907,0.280414332,0.864044502,0.377888446,0.451951389,0.152444076,0
0.771157719,0.83696367,0.204027607,0.285953058,0.813888805,0.377725165,0.502114674,0.158318897,0
0.766855863,0.83772213,0.199489458,0.279550333,0.876228195,0.374952749,0.494673162,0.159523989,0
0.784963423,0.839213816,0.20686395,0.278910213,0.886507241,0.375604753,0.506129878,0.165248174,0
0.744635421,0.8356667,0.192398601,0.280350141,0.864891012,0.378614262,0.508431929,0.138510206,0
0.71358623,0.834058749,0.192682235,0.278532976,0.893128156,0.374183317,0.446704856,0.144008436,0
0.686108031,0.832394375,0.175002364,0.278098398,0.901411857,0.37375163,0.368060389,0.14973262,0
0.747624086,0.834485131,0.191169519,0.284633595,0.822777156,0.379989845,0.440494673,0.150561121,0
0.762431907,0.837117629,0.193627683,0.280633847,0.861202648,0.374799534,0.478451737,0.151464939,0
0.764901068,0.836879565,0.181904132,0.282738533,0.83837712,0.379392641,0.482841694,0.132334112,0
0.767170357,0.838020909,0.208943935,0.278179477,0.899809535,0.372710436,0.500829809,0.160804399,0
0.789982942,0.839568234,0.197598563,0.279472865,0.877407262,0.376258994,0.510733979,0.162687354,0
0.747435973,0.837297767,0.19476222,0.276213871,0.947546634,0.369637181,0.456769634,0.15651126,0
0.729400422,0.835898735,0.194384041,0.277035586,0.925053663,0.371210715,0.44311794,0.14973262,0
0.729927004,0.829625941,0.176893259,0.290799288,0.790035372,0.386018927,0.450184699,0.107705054,0
0.745141665,0.826377401,0.126217264,0.30682189,0.753695922,0.409079522,0.407891215,0.113278602,0
0.746623849,0.837225402,0.193154959,0.276291164,0.945218732,0.371426558,0.455163553,0.15312194,0
0.739881583,0.82103204,0.153446157,0.316925261,0.743023853,0.406063304,0.445794743,0.121187015,1
0.750293326,0.835461287,0.193154959,0.282520872,0.840432929,0.378438679,0.468815247,0.152067485,0
0.753603507,0.836299677,0.196085847,0.28079745,0.859146839,0.37758537,0.521708871,0.152142803,0
0.714774479,0.831801643,0.186347736,0.282693219,0.838800375,0.377873907,0.411638739,0.150410484,1
0.766986555,0.83797658,0.206013047,0.278335896,0.896816519,0.37141873,0.476417367,0.161858854,0
0.768494864,0.838460481,0.195613123,0.276359694,0.943223388,0.371531684,0.475989079,0.144836936,0
0.760709189,0.837741663,0.19674766,0.277467234,0.914804849,0.372454332,0.464960651,0.156887851,0
0.782187161,0.839066837,0.20487851,0.278261576,0.898237446,0.369637181,0.49022967,0.159523989,0
0.772992998,0.838006329,0.187482273,0.280836541,0.858663119,0.377699443,0.485946785,0.15101303,0
0.780860578,0.83838188,0.207336674,0.283909359,0.828309702,0.379695716,0.492371112,0.165097537,0
0.772752001,0.837947389,0.203460338,0.281070082,0.855851498,0.37806291,0.519032068,0.159975898,0
0.761755022,0.8367443,0.185118654,0.281958612,0.846025939,0.379524607,0.435676428,0.156586578,1
0.772007984,0.838672383,0.201285809,0.276301027,0.94494664,0.370735412,0.485518497,0.155155532,0
0.734998522,0.829514841,0.20090763,0.292953607,0.782447018,0.392762641,0.489961989,0.124726971,1
0.772376642,0.837808108,0.201002175,0.281714644,0.848595701,0.376727587,0.516622946,0.157113806,0
0.76995069,0.837730745,0.200529451,0.280869802,0.858270097,0.376349582,0.475882007,0.160955035,0
0.763139542,0.832636483,0.178405975,0.300589939,0.763581945,0.3955194,0.482038653,0.137531069,1
0.772789724,0.838663824,0.206296681,0.276632292,0.935544336,0.370132615,0.490176134,0.161331626,0
0.778645316,0.838387517,0.203743973,0.281833525,0.847325936,0.377805687,0.513250174,0.160427807,0
0.783077615,0.838506549,0.198354921,0.285243017,0.818514376,0.374646318,0.506558167,0.156586578,0
0.784962176,0.839193961,0.20903848,0.279169559,0.882183995,0.376120318,0.509984475,0.164645628,0
0.74058782,0.836913421,0.197693108,0.276206606,0.947758261,0.370876325,0.451362493,0.158017624,0
0.788722682,0.839474805,0.210078472,0.279346747,0.879372374,0.374847623,0.507789496,0.170445131,0
0.760898209,0.838318924,0.202798525,0.275144296,0.984641896,0.36993131,0.473740564,0.160051216,0
0.72783823,0.831254771,0.17850052,0.286655762,0.809656257,0.387515294,0.438085551,0.146192664,1
0.76811817,0.837512169,0.203176704,0.281158629,0.854823593,0.3780562,0.502757107,0.157866988,0
0.771790758,0.837547403,0.197220384,0.282939063,0.836532938,0.382096837,0.505166229,0.15733976,1
0.75306088,0.83468148,0.201569443,0.286074113,0.813132993,0.383915291,0.507575352,0.157641033,0
0.772741299,0.837696249,0.200340361,0.282623879,0.839435257,0.374419291,0.500026768,0.150410484,0
0.7835797,0.839231725,0.208282122,0.277487886,0.914351362,0.369637181,0.504416725,0.163440536,0
0.845073408,0.843660146,0.155526142,0.278685683,0.890407232,0.372624323,0.400877991,0.206221285,0
0.760067607,0.837100113,0.19277678,0.279876045,0.871421229,0.369984992,0.466138444,0.152670031,0
0.727031598,0.835235185,0.183795027,0.278114847,0.9010793,0.371653586,0.423148991,0.136175341,0
0.689426073,0.833897921,0.196085847,0.276376831,0.942709436,0.369637181,0.342898442,0.155607441,0
0.770091506,0.837505318,0.187671362,0.282196119,0.84360734,0.376913235,0.483912415,0.148753483,0
0.781532693,0.839061448,0.208471211,0.277852475,0.90643045,0.371880613,0.508271321,0.1632899,0
0.708751861,0.832052601,0.203554883,0.281268229,0.853553829,0.37792647,0.53434338,0.14001657,0
0.759558946,0.830554256,0.174151461,0.305636066,0.755298243,0.419958934,0.50923497,0.115764103,0
0.762917971,0.837010168,0.183795027,0.281287691,0.853342202,0.378513609,0.479201242,0.147096483,0
0.731892051,0.834145648,0.186536825,0.281328456,0.852858482,0.378491242,0.437014829,0.148226256,1
0.78636241,0.83936782,0.208565756,0.278177087,0.89987,0.373995433,0.504095508,0.165097537,0
0.75008942,0.832396176,0.198638555,0.292089032,0.785319104,0.397369169,0.464211146,0.156586578,0
0.791514149,0.839709238,0.211213009,0.278828138,0.887897935,0.374895713,0.506718775,0.167658357,0
0.759122434,0.837238808,0.198260376,0.279030133,0.884481664,0.370659363,0.481182076,0.154251713,0
0.701846531,0.832665867,0.175664177,0.279360355,0.879130514,0.371952188,0.387172761,0.144836936,0
0.779165571,0.838297715,0.205729413,0.283031738,0.835716661,0.380826379,0.505219766,0.159448671,0
0.715365571,0.833633019,0.17868961,0.279525415,0.876590985,0.376465891,0.399646662,0.138811478,0
0.787561096,0.839263481,0.202325801,0.281416872,0.85186081,0.378248558,0.507039991,0.161708217,0
0.78826347,0.839518063,0.21102392,0.277860451,0.906249055,0.374593756,0.506451095,0.166905174,0
0.764518582,0.837160258,0.209416659,0.281272807,0.853493364,0.375869805,0.516408801,0.156134669,0
0.786445651,0.839185571,0.207431219,0.281031093,0.856335218,0.378339145,0.509020826,0.162461399,0
0.768834493,0.838095005,0.202609436,0.278406356,0.89548629,0.371546223,0.486375074,0.152444076,0
0.748197725,0.83761404,0.202420346,0.275389298,0.975179127,0.369637181,0.453075646,0.160352489,0
0.77836166,0.838493704,0.205256689,0.280741067,0.859842186,0.37787167,0.513357246,0.153724486,0
0.769399425,0.836073922,0.200151272,0.289598599,0.794963268,0.382379782,0.483484127,0.157942306,0
0.748513556,0.832155048,0.163656992,0.292023496,0.785560964,0.390023776,0.452593822,0.11802365,1
0.719703518,0.833423653,0.181431408,0.280573065,0.861988693,0.376540821,0.429573318,0.1446863,0
0.791537721,0.839692409,0.209416659,0.279436306,0.877951447,0.37321929,0.506290487,0.16750772,0
0.755144193,0.836257113,0.182944124,0.281428503,0.85173988,0.377930943,0.458750468,0.146418619,0
0.767652171,0.837878299,0.198071287,0.279078087,0.883695619,0.373604006,0.476470903,0.157189124,0
0.766273914,0.836180031,0.176987804,0.286814996,0.808749282,0.386358909,0.504684405,0.140468479,1
0.729538341,0.836812585,0.196653115,0.275071147,0.987574448,0.369637181,0.443439156,0.154025759,0
0.767487835,0.832980318,0.187198639,0.303818625,0.758019167,0.379878009,0.476685047,0.148226256,0
0.764411221,0.836343952,0.198827645,0.284958382,0.820449255,0.385281928,0.48316291,0.156586578,0
0.741242003,0.837196311,0.21083483,0.275558722,0.9690117,0.369637181,0.491300391,0.153950441,0
0.771127654,0.838335553,0.205918502,0.277964905,0.904102549,0.372840166,0.494726698,0.160352489,0
0.752306349,0.836252069,0.205918502,0.280576255,0.861928228,0.376789097,0.474811285,0.161030353,0
0.772612938,0.837517583,0.204027607,0.283647352,0.830425976,0.376437932,0.50570159,0.154778941,0
0.789830833,0.839556372,0.210456651,0.279468686,0.877467727,0.3749315,0.512125917,0.167131129,0
0.765635864,0.837585566,0.20289307,0.279737421,0.873416573,0.370917704,0.484340703,0.159147398,0
0.746343389,0.834536235,0.191736787,0.284057378,0.827130635,0.381230107,0.428716741,0.147247119,0
0.777633778,0.838345053,0.201096719,0.281407186,0.85198174,0.374650792,0.497510573,0.156360624,0
0.758246799,0.837600217,0.212158457,0.277393937,0.916467636,0.373392636,0.511376412,0.155758078,0
0.782647654,0.838965034,0.205729413,0.279718098,0.873718898,0.375441473,0.497082285,0.164645628,0
0.786626521,0.839053001,0.201191264,0.283333429,0.833056202,0.378559462,0.504041972,0.163817127,0
0.750109578,0.837513866,0.199773093,0.276009649,0.953834991,0.37148695,0.449702875,0.158695488,0
0.775251833,0.838492812,0.199111279,0.278842446,0.887656075,0.374384622,0.433534986,0.164946901,0
0.762689878,0.838267189,0.207998487,0.275749777,0.962360553,0.370050975,0.460517158,0.162988627,0
0.766125067,0.83790531,0.203082159,0.278383652,0.895909544,0.372187044,0.475400182,0.160955035,0
0.771248103,0.838194563,0.200529451,0.278835899,0.887777005,0.375244641,0.499544944,0.159674625,0
0.784195881,0.839157177,0.206013047,0.278896555,0.886718868,0.369637181,0.491675143,0.163967764,0
0.785677711,0.839301556,0.212442091,0.278432977,0.894972337,0.373739328,0.506076342,0.16457031,0
0.770711995,0.837140082,0.187576818,0.284629551,0.822807389,0.38121445,0.481824509,0.147924983,0
0.706444788,0.831207197,0.183795027,0.282289108,0.842670133,0.37286477,0.370951336,0.145364164,0
0.679630482,0.831449661,0.169046043,0.278710177,0.889953744,0.373650978,0.406445741,0.136024704,0
0.69678362,0.820687441,0.143518956,0.296190793,0.773195876,0.395167117,0.389688956,0.118550877,0
0.729209896,0.834864845,0.200340361,0.279242492,0.881004928,0.371094405,0.441565394,0.158921443,0
0.763910091,0.834847044,0.186536825,0.291428012,0.787677238,0.383776614,0.473044596,0.143104617,0
0.774695872,0.838344636,0.204122152,0.279565471,0.875986335,0.374740261,0.492906473,0.162461399,0
0.765391614,0.8363089,0.191358608,0.285665743,0.815702754,0.374337651,0.46742331,0.151314303,0
0.764646409,0.835878416,0.185969557,0.287228812,0.806451613,0.381035512,0.473954708,0.147849665,0
0.75910533,0.833450082,0.186064101,0.293845647,0.779665629,0.392807376,0.462283848,0.147247119,1
0.750353492,0.837254779,0.198544011,0.276871065,0.929225746,0.371805683,0.453985759,0.156435942,0
0.789814644,0.839554928,0.210267562,0.279472523,0.877407262,0.371445571,0.513839071,0.161105671,0
0.725032665,0.829278531,0.184740475,0.28993629,0.793512108,0.382689568,0.458643396,0.132936657,0
0.739043399,0.837037606,0.139358986,0.275671192,0.965051244,0.370433454,0.436265325,0.092490774,0
0.771852354,0.834325006,0.185780467,0.30225238,0.760588929,0.402817821,0.489640773,0.148226256,0
0.738469095,0.835600141,0.180013236,0.279199242,0.881700275,0.375708761,0.427110659,0.145138209,0
0.775158337,0.838087664,0.201002175,0.281602925,0.849805,0.379663284,0.506022806,0.154778941,0
0.705697982,0.835445542,0.192304056,0.275403864,0.974634943,0.369637181,0.409229616,0.152745349,0
0.758531086,0.835325923,0.181431408,0.286224753,0.812195786,0.369637181,0.465228331,0.148828802,0
0.777635221,0.838824226,0.20468942,0.277636583,0.911025788,0.370132615,0.497349965,0.161030353,0
0.752078466,0.837138188,0.189467713,0.277600272,0.911842065,0.37154846,0.434980459,0.153423213,0
0.778240453,0.838809896,0.204216697,0.278080392,0.901774647,0.372991145,0.511055196,0.161557581,0
0.77183053,0.83763311,0.20090763,0.282451385,0.841098044,0.378952007,0.49783179,0.15733976,0
0.783821821,0.839055415,0.205540323,0.279772191,0.872902621,0.375029916,0.506022806,0.15990058,0
0.76255999,0.835654445,0.182944124,0.286998022,0.807721377,0.384606438,0.471973874,0.141522934,0
0.775854207,0.83834845,0.209700293,0.280201098,0.866886356,0.375982759,0.514106751,0.16072908,0
0.720352807,0.834287272,0.195896757,0.279034153,0.884421199,0.372988908,0.445955351,0.156285305,0
0.775595903,0.836578152,0.189940437,0.292584742,0.783626085,0.381407926,0.48696397,0.148452211,0
0.753643934,0.837313549,0.200813085,0.277355667,0.917374611,0.371835878,0.467530382,0.157490397,0
0.763570691,0.837421161,0.205351234,0.279724774,0.873597968,0.374889003,0.481556829,0.159749944,0
0.756955247,0.838142452,0.197314929,0.275080863,0.987181425,0.369687508,0.436907757,0.15101303,0
0.769694307,0.837122097,0.193533138,0.284086151,0.826919007,0.384411843,0.488677124,0.154327032,1
0.761592438,0.83789412,0.196653115,0.277069369,0.924207153,0.370848366,0.455859521,0.146644573,0
0.779778548,0.838877041,0.210362106,0.278434572,0.894942105,0.37164352,0.510038011,0.16667922,0
0.816905997,0.842112674,0.195329489,0.282315293,0.842428273,0.370946782,0.460945447,0.175340815,0
0.771247752,0.838219463,0.203933062,0.278690449,0.890316534,0.372505776,0.483912415,0.158469534,0
0.779288973,0.838990512,0.204216697,0.277147964,0.922272274,0.369637181,0.49022967,0.160126535,0
0.711125306,0.834960054,0.184929564,0.27669809,0.933760619,0.371654704,0.392526367,0.144610981,0
0.769318031,0.836765896,0.198354921,0.285787624,0.814916709,0.381058998,0.482092189,0.156661897,1
0.765520041,0.837352331,0.201853077,0.280797731,0.859146839,0.376270178,0.498902511,0.158168261,0
0.705462234,0.834618636,0.197976742,0.276701668,0.933669922,0.370737648,0.417099416,0.15568276,0
0.750916393,0.833753975,0.195991302,0.288184824,0.801463252,0.389711754,0.497457037,0.152142803,0
0.769893781,0.837025222,0.195140399,0.284744718,0.821991112,0.379195809,0.468065742,0.159674625,1
0.767986508,0.837964795,0.185496833,0.278763922,0.889016537,0.375015377,0.494833771,0.147247119,0
0.764924073,0.838104989,0.20270398,0.277056609,0.924509478,0.371158152,0.474329461,0.152067485,0
0.755672376,0.836136224,0.186725915,0.282036319,0.845239895,0.380516593,0.462069704,0.147699028,1
0.780885004,0.838880083,0.20705304,0.279167248,0.882214227,0.369639418,0.490550886,0.163892446,0
0.728735141,0.828784118,0.153351612,0.292201096,0.784926082,0.393804953,0.406392205,0.121864879,0
0.694943299,0.820875973,0.142951688,0.295409377,0.775221453,0.398262739,0.416938808,0.110717783,0
0.785367075,0.839118479,0.206674861,0.280623148,0.861323578,0.376701865,0.511215804,0.164645628,0
0.743229117,0.834588684,0.194289496,0.282969345,0.836260846,0.376708575,0.47502543,0.138811478,0
0.756462225,0.83460734,0.19674766,0.28789602,0.802914412,0.382154991,0.488944804,0.150937712,0
0.773634498,0.834285633,0.178595065,0.305237698,0.755872661,0.397448572,0.481878045,0.141146343,0
0.769394119,0.837531806,0.197314929,0.281681211,0.848958491,0.377482481,0.52117351,0.158846125,1
0.71071199,0.834999548,0.18644228,0.276589468,0.936723403,0.370842774,0.390973821,0.144987572,0
0.781611302,0.838744949,0.207242129,0.281088554,0.855639871,0.376855081,0.499812624,0.164193718,0
0.767727577,0.83178199,0.171409662,0.310242489,0.749493606,0.394866278,0.478398201,0.128794155,0
0.757664904,0.837796641,0.199584003,0.276512711,0.938839677,0.37100941,0.474061781,0.155456805,0
0.79411053,0.839915446,0.208093032,0.2778584,0.90630952,0.373530195,0.499544944,0.167959629,0
0.716046076,0.833630661,0.17868961,0.279627258,0.875049128,0.376162815,0.419347931,0.141071025,0
0.754582614,0.837051833,0.198449466,0.278478282,0.89415606,0.373655451,0.460410086,0.156737215,0
0.744653093,0.835030099,0.183511393,0.282142908,0.844151525,0.380026751,0.473901172,0.147247119,0
0.742187024,0.837193961,0.200529451,0.275696713,0.964174502,0.369637181,0.44895337,0.15568276,0
0.765278824,0.836532484,0.194478586,0.28455032,0.823381806,0.377064214,0.483484127,0.154025759,0
0.758478532,0.837290839,0.20270398,0.278641591,0.891193276,0.371206241,0.449702875,0.161482263,0
0.747932786,0.835281113,0.192398601,0.282351023,0.842065484,0.379797487,0.468172814,0.154552986,1
0.781785249,0.838440792,0.198071287,0.284344422,0.824923663,0.383769904,0.504845013,0.153046622,1
0.738500917,0.826036199,0.182944124,0.303197494,0.759016839,0.392404766,0.437014829,0.107403781,0
0.743378533,0.83556725,0.202609436,0.280329079,0.865163104,0.37382656,0.485464961,0.151238985,0
0.771444586,0.838292074,0.203649428,0.278348693,0.896574659,0.37355368,0.487820547,0.160804399,0
0.700178647,0.834857021,0.185780467,0.275866611,0.958460562,0.369637181,0.388778843,0.139112751,0
0.779018563,0.838571095,0.198544011,0.280574033,0.861958461,0.377102238,0.519674501,0.158017624,0
0.750976735,0.835272261,0.170275125,0.283346293,0.832965505,0.377397485,0.453129183,0.126534609,0
0.771686725,0.838468721,0.201758533,0.277401898,0.916286241,0.371549578,0.512875422,0.161632899,0
0.753373809,0.835379571,0.186158646,0.283843389,0.828823654,0.376237746,0.474275925,0.147924983,0
0.735297529,0.835879226,0.19258769,0.277953968,0.904344409,0.372532617,0.431500616,0.151690894,0
0.753409906,0.837297651,0.195896757,0.277358426,0.917283913,0.37347204,0.467583918,0.152368758,0
0.754104432,0.837173496,0.200245816,0.277940267,0.904616501,0.372992263,0.439638096,0.157565715,0
0.752335491,0.833008201,0.191169519,0.291303883,0.788130725,0.384369345,0.457412067,0.150711757,0
0.756836616,0.837991643,0.201474898,0.275615295,0.966986123,0.370009596,0.462337384,0.15862017,0
0.7820972,0.839095416,0.206391226,0.277897889,0.905493243,0.369637181,0.500722737,0.162084808,0
0.78019425,0.838959843,0.206674861,0.277950568,0.904404873,0.373385926,0.502382355,0.163967764,0
0.668720903,0.833112174,0.190885884,0.275914526,0.956888472,0.369637181,0.371754377,0.149958575,0
0.767770769,0.838686544,0.199489458,0.274990255,0.990930254,0.369850788,0.465496012,0.159975898,0
0.713267181,0.835612261,0.199867637,0.275784922,0.961181486,0.370557592,0.393757696,0.157490397,0
0.695942733,0.832754015,0.193060414,0.278566645,0.892523506,0.3749315,0.380320146,0.150787075,0
0.69708921,0.827505271,0.166115156,0.286339449,0.811530671,0.385601779,0.440173457,0.127212473,0
0.786016362,0.83932833,0.203838518,0.278397934,0.895637452,0.374535601,0.518175491,0.16072908,0
0.750150357,0.837474844,0.200813085,0.276139515,0.949783838,0.370092354,0.457197923,0.158394216,0
0.779796431,0.839006336,0.204311241,0.277292126,0.918856003,0.372774183,0.481503292,0.163666491,0
0.78221463,0.837416421,0.200434906,0.295606317,0.774707501,0.403769546,0.494137802,0.162160127,0
0.755799271,0.832416579,0.185307743,0.295432523,0.775160988,0.39556078,0.473472884,0.146719892,1
0.697138018,0.830950087,0.181336863,0.281324521,0.852918947,0.375957037,0.382515124,0.140769752,0
0.722761256,0.976180495,0.115060981,0.0,0.69462164,0.0,0.432946089,0.084883633,1
0.77859312,0.838811692,0.20289307,0.27826901,0.898086284,0.375013141,0.490015525,0.162988627,0
0.768663708,0.838321897,0.199016734,0.277143081,0.922393204,0.372480054,0.481449756,0.156134669,0
0.78271273,0.838766296,0.201853077,0.281940089,0.846207334,0.381281552,0.494887307,0.161105671,1
0.755212047,0.835798177,0.192682235,0.283074408,0.835323639,0.380515475,0.53637775,0.140694434,0
0.781096869,0.838298037,0.202231256,0.28497534,0.820358557,0.378511373,0.499330799,0.16118099,0
0.726301676,0.833164004,0.191264064,0.282295138,0.842609668,0.381356482,0.429626854,0.133313248,0
0.78215236,0.837811184,0.195613123,0.291356868,0.78794933,0.389367299,0.497778254,0.155004896,0
0.746444259,0.834883507,0.199489458,0.283078993,0.835293406,0.376648184,0.513999679,0.132786021,0
0.778466414,0.838736254,0.204973055,0.278817074,0.88807933,0.375056757,0.494084266,0.161105671,0
0.769559344,0.838091576,0.20090763,0.278709129,0.889983977,0.372556103,0.46565662,0.150259848,0
0.785120045,0.8391199,0.205634868,0.280317626,0.865314267,0.373753867,0.503881364,0.165474128,0
0.740452636,0.834615227,0.19674766,0.282154803,0.844030595,0.378694784,0.468654639,0.150862394,0
0.707531145,0.833049958,0.182565945,0.279460423,0.877588657,0.375281547,0.38256866,0.142200798,0
0.657064294,0.832773989,0.200245816,0.275606815,0.967288448,0.369880984,0.384014134,0.155758078,0
0.766604447,0.837122125,0.199300369,0.282398957,0.841611996,0.375223393,0.442582579,0.151992167,0
0.733217662,0.834627497,0.194289496,0.280501753,0.862895668,0.374816309,0.442903796,0.153649168,0
0.7494371,0.837768803,0.190980429,0.275104879,0.986213986,0.369640537,0.419455003,0.149657302,0
0.727816306,0.8359059,0.21300936,0.276811906,0.93073737,0.37100941,0.525563467,0.146870528,0
0.776076499,0.836349889,0.202798525,0.294833591,0.776793542,0.373028051,0.476792119,0.150636439,0
0.757411996,0.836975554,0.198071287,0.279528024,0.876560752,0.376169526,0.492317576,0.162310763,0
0.729316452,0.835499135,0.202609436,0.277888531,0.905674638,0.373266262,0.497189357,0.151992167,0
0.789508027,0.8395791,0.210929375,0.278387668,0.895818847,0.373931686,0.513250174,0.167131129,0
0.778489017,0.838911631,0.205918502,0.277383043,0.916739729,0.370833827,0.502542963,0.15907208,0
0.771690697,0.837266803,0.207336674,0.284544974,0.823442271,0.381590219,0.503346004,0.158168261,0
0.731090871,0.831802042,0.20071854,0.286372032,0.811319043,0.382616874,0.506344023,0.156209987,0
0.787725874,0.839261781,0.209416659,0.281714396,0.848595701,0.375922368,0.500776273,0.166377947,0
0.784143734,0.839193734,0.208565756,0.278402209,0.895546755,0.373897017,0.504416725,0.1641184,0
0.699091133,0.83037819,0.181053229,0.282442737,0.841188741,0.372310063,0.366400771,0.145590118,0
0.784814962,0.838985362,0.205351234,0.281724039,0.848505003,0.37545042,0.510359227,0.165172855,0
0.777725939,0.838016674,0.194194951,0.284072275,0.827009705,0.369637181,0.477220408,0.160126535,0
0.696051023,0.830606608,0.176893259,0.281675747,0.849018956,0.377834764,0.422238878,0.130978384,0
0.740249069,0.836779625,0.198165832,0.276503278,0.93911177,0.370444638,0.468761711,0.156737215,0
0.781158243,0.839062994,0.207525763,0.277589581,0.912083925,0.372845758,0.504684405,0.162762672,0
0.736731616,0.834571254,0.191642243,0.281376539,0.852314297,0.376528519,0.40917608,0.150711757,0
0.783509673,0.838854679,0.206580316,0.281804929,0.847628261,0.379239425,0.498902511,0.162687354,0
0.779684153,0.838644988,0.203554883,0.280431107,0.863802642,0.376749955,0.508646073,0.165775401,0
0.766762763,0.837234409,0.195329489,0.281922219,0.846418962,0.378084159,0.505648054,0.148150938,0
0.71153278,0.834243887,0.191453153,0.277962335,0.904163014,0.369637181,0.41121045,0.151690894,0
0.702792562,0.832797801,0.171126028,0.279270948,0.880551441,0.372748461,0.364312865,0.131053702,0
0.755011679,0.836402297,0.197220384,0.280874124,0.858209632,0.372754052,0.472295091,0.137229796,0
0.754343563,0.834970537,0.199962182,0.285628039,0.815944614,0.380645205,0.479683067,0.159448671,0
0.714926702,0.836075701,0.189467713,0.275118709,0.985669801,0.369744544,0.408533647,0.150410484,0
0.759656662,0.83772356,0.20289307,0.277266478,0.919460652,0.373327771,0.461587879,0.162160127,0
0.771528798,0.837345974,0.200623995,0.283968403,0.827825982,0.380035698,0.498527758,0.158318897,0
0.747290354,0.885473369,0.18861681,0.133502905,0.687244913,0.187124091,0.479522458,0.147322437,0
0.700534576,0.835339823,0.170936939,0.275166514,0.983734922,0.369637181,0.388564698,0.141221662,0
0.784835296,0.839323506,0.208471211,0.277362049,0.917223448,0.369637181,0.499384335,0.164419673,0
0.71818312,0.790542181,0.187198639,0.359793141,0.723886689,0.441969388,0.457090851,0.135723431,1
0.773099183,0.838182627,0.200813085,0.279783782,0.872751459,0.376734298,0.494244874,0.161557581,1
0.744289232,0.834784473,0.1662097,0.282728983,0.838467818,0.382553128,0.451469565,0.130451156,0
0.679031591,0.83097211,0.194951309,0.279244261,0.880974695,0.369637181,0.3564966,0.15440235,0
0.799526269,0.840375901,0.203933062,0.281576738,0.850107325,0.379374747,0.491086247,0.171876177,0
0.746465628,0.825890306,0.161198828,0.309277555,0.750612208,0.396825645,0.451469565,0.104315734,0
0.762262417,0.834801826,0.210740286,0.290478654,0.791305136,0.383319205,0.510305691,0.154101077,0
0.709278466,0.829005695,0.204405786,0.286414574,0.811077184,0.369637181,0.396166818,0.161708217,0
0.777940295,0.837458633,0.191169519,0.288729726,0.798863258,0.379753871,0.49456609,0.14762371,0
0.782499154,0.83876816,0.20705304,0.281699719,0.848746863,0.377456759,0.510252155,0.162687354,0
0.776573957,0.838230155,0.203176704,0.281532088,0.850591045,0.375819479,0.508217785,0.160804399,0
0.765085311,0.838057474,0.209416659,0.277325467,0.918069958,0.372990026,0.512607741,0.146042028,0
0.746784009,0.837438081,0.200813085,0.275694532,0.964234967,0.369642773,0.476363831,0.16961663,0
0.790133766,0.839593338,0.209605748,0.279146213,0.882577017,0.376578846,0.505166229,0.167206447,0
0.687601842,0.833323614,0.195329489,0.277000776,0.925900172,0.371948833,0.442261363,0.152519394,0
0.77735281,0.838310869,0.189089534,0.281470548,0.85125616,0.372361508,0.474757749,0.153649168,0
0.722406681,0.832126574,0.107213766,0.283574456,0.831030626,0.376160579,0.431018791,0.072606764,0
0.777926965,0.838212929,0.206202137,0.282681092,0.838921305,0.375242405,0.508860217,0.163515854,0
0.748419444,0.82454068,0.193627683,0.315064121,0.744626175,0.417334142,0.514909792,0.109211418,0
0.760387118,0.831339851,0.163467902,0.303327279,0.758805212,0.402899462,0.476149687,0.132032839,0
0.767935687,0.837377682,0.196369481,0.28176529,0.848051516,0.379610721,0.488088227,0.155607441,0
0.762123913,0.836488135,0.196464026,0.283201633,0.834205037,0.377082108,0.487767011,0.155532123,0
0.72575007,0.828066659,0.197976742,0.292647646,0.78344469,0.389886218,0.461427271,0.149506666,1
0.745735205,0.835077695,0.195424033,0.282309665,0.842488738,0.37971361,0.49836715,0.154477668,1
0.734230411,0.835380597,0.193060414,0.278947316,0.885872358,0.375563374,0.487606403,0.15184153,0
0.681443974,0.82287129,0.173489647,0.28967469,0.79463071,0.37819935,0.390277852,0.12902011,0
0.728495275,0.834745318,0.188144086,0.279379457,0.878858421,0.374572507,0.434498635,0.148753483,0
0.759898664,0.837381957,0.189373168,0.278693924,0.890256069,0.372795432,0.478237593,0.151540258,0
0.743887281,0.837125413,0.19674766,0.276135643,0.949904768,0.37162339,0.45045238,0.153875122,0
0.776143939,0.83814836,0.191736787,0.281834976,0.847325936,0.379473163,0.494405482,0.149130075,0
0.773350816,0.838357206,0.208754845,0.278800737,0.888381655,0.370757779,0.493120617,0.167357084,0
0.712005036,0.831359874,0.181620497,0.282969062,0.836260846,0.380947162,0.416349912,0.138058296,1
0.773372911,0.838253495,0.20270398,0.279473406,0.877377029,0.369637181,0.375555437,0.167055811,0
0.780699504,0.838832302,0.205445779,0.279483874,0.877225867,0.372495711,0.492745864,0.163591173,0
0.781853398,0.83830404,0.198544011,0.285821836,0.814705082,0.382710817,0.50800364,0.158168261,1
0.764387743,0.830736479,0.181715042,0.31055302,0.749161048,0.418483816,0.472295091,0.128869474,0
0.774778066,0.837130305,0.199962182,0.287877975,0.803005109,0.387048937,0.499277263,0.158092943,1
0.767917373,0.836251076,0.193249504,0.287549086,0.804728361,0.383159279,0.455698913,0.156963169,0
0.740965953,0.833016169,0.194856765,0.286477591,0.810684161,0.387055647,0.473472884,0.147473074,1
0.773068502,0.837017978,0.189373168,0.287105001,0.807116728,0.383236446,0.504845013,0.155080214,0
0.785165155,0.83930681,0.207147584,0.277869759,0.90606766,0.37485657,0.501418705,0.165248174,0
0.779291085,0.83849615,0.204783965,0.281427289,0.85173988,0.377361698,0.502328818,0.161256308,0
0.773392333,0.837051086,0.201663988,0.287166822,0.80678417,0.375938025,0.496975213,0.156360624,0
0.733794765,0.836011045,0.200813085,0.277409274,0.916135079,0.370806987,0.459285829,0.158394216,0
0.719769964,0.833430165,0.180958684,0.280571654,0.861988693,0.377897393,0.478558809,0.132258793,0
0.772292258,0.836168566,0.193344048,0.291655564,0.786860961,0.386296281,0.485946785,0.151916849,0
0.766319968,0.833757418,0.200056727,0.298628934,0.767512169,0.395686036,0.500669201,0.141221662,1
0.730155712,0.834623031,0.18644228,0.279932813,0.870604952,0.376793571,0.444402805,0.145439482,0
0.728678402,0.822486352,0.16242791,0.305672238,0.755268011,0.398026765,0.469564752,0.122392107,1
0.761084845,0.837988384,0.202798525,0.276548611,0.937842005,0.371248739,0.487017506,0.155456805,0
0.769481832,0.837254824,0.19892219,0.283234721,0.833902712,0.377824699,0.480379035,0.157565715,0
0.741395952,0.833978811,0.178122341,0.284079668,0.82694924,0.379748279,0.390973821,0.096106048,0
0.733508679,0.836269781,0.203554883,0.276769305,0.931855972,0.369637181,0.456127202,0.159749944,0
0.770903651,0.838634748,0.202987615,0.276154491,0.94933035,0.369637181,0.481717437,0.162988627,0
0.774669697,0.836774309,0.180580505,0.290188533,0.792484204,0.37909292,0.472295091,0.142803344,1
0.783632554,0.839217931,0.206674861,0.277689808,0.909876954,0.370799158,0.508753145,0.164796264,0
0.757696382,0.836339525,0.18861681,0.282009576,0.845511987,0.371398599,0.450398844,0.152142803,0
0.767203374,0.836274092,0.197976742,0.286949683,0.80799347,0.380099445,0.486214465,0.154327032,0
0.749053061,0.818411631,0.185875012,0.334534643,0.73217039,0.446024564,0.478665881,0.147247119,0
0.765804804,0.837194788,0.193911317,0.281671279,0.849079421,0.377329265,0.473098132,0.15440235,0
0.782713014,0.839018012,0.211402099,0.279198593,0.881730508,0.375440354,0.509877402,0.165926038,0
0.784243033,0.839279655,0.208471211,0.277431641,0.915621126,0.372178097,0.495904492,0.165323492,0
0.738685644,0.835935718,0.193344048,0.278396798,0.895667684,0.370209782,0.436640077,0.152594713,0
0.728439304,0.834803998,0.19258769,0.279244815,0.880974695,0.374203448,0.447240216,0.148979438,0
0.74609161,0.837097444,0.201191264,0.276573239,0.93717689,0.371659177,0.477862841,0.148452211,0
0.761380759,0.837260577,0.194384041,0.279655672,0.874625873,0.369960388,0.469778896,0.154929577,0
0.771677401,0.837857574,0.197693108,0.281027627,0.85636545,0.378482295,0.512072381,0.156737215,0
0.750599942,0.837479226,0.197125839,0.276205623,0.947788494,0.371518264,0.459607045,0.155607441,0
0.754217663,0.836674528,0.195707668,0.279690261,0.874111921,0.37470671,0.492210504,0.155908714,0
0.760710707,0.83829355,0.203933062,0.275210418,0.98201167,0.370153864,0.468279887,0.15990058,0
0.777710568,0.838710131,0.191736787,0.278577899,0.892311878,0.374742497,0.514481503,0.146267982,0
0.762345886,0.838329765,0.202798525,0.275402727,0.974665175,0.369637181,0.470742545,0.16118099,0
0.755517407,0.837474581,0.206296681,0.277212098,0.920730417,0.36973336,0.460677766,0.158092943,0
0.703893858,0.834297945,0.188994989,0.277056585,0.924509478,0.369757964,0.366293699,0.13873616,0
0.787149313,0.839373118,0.204216697,0.278994977,0.885056081,0.37469329,0.497564109,0.162988627,1
0.773230752,0.8378922,0.197409473,0.281694326,0.848807328,0.379098512,0.487981155,0.155833396,0
0.787381334,0.839225238,0.20903848,0.281780276,0.847900354,0.380692176,0.504523797,0.165323492,0
0.633673643,0.814489203,0.204594876,0.290757261,0.790216767,0.382588915,0.437496654,0.162687354,0
0.720466937,0.822333597,0.140115345,0.301872638,0.761223811,0.394941208,0.42207827,0.108608872,0
0.768659594,0.837449789,0.197504018,0.281747887,0.848232911,0.379564868,0.49660046,0.156661897,0
0.789066375,0.839560772,0.209605748,0.278108904,0.90120023,0.373847809,0.504845013,0.166905174,0
0.779551244,0.838759562,0.210362106,0.279323604,0.879735163,0.373642031,0.506772311,0.163591173,0
0.765896315,0.836726807,0.199205824,0.283957105,0.827916679,0.379325539,0.470635473,0.158168261,0
0.764856208,0.837685773,0.202136712,0.278980237,0.885297941,0.374903541,0.494137802,0.159599307,0
0.753397999,0.836579464,0.193344048,0.279788322,0.872690994,0.376385369,0.47556079,0.150561121,0
0.770070559,0.837422529,0.197598563,0.282645787,0.839253862,0.379060488,0.483323518,0.155833396,0
0.776350258,0.837580604,0.199678548,0.286155758,0.81261904,0.386956113,0.512125917,0.155833396,1
0.713317492,0.832623463,0.184929564,0.281002068,0.856667775,0.376027494,0.438727983,0.142728026,0
0.733631489,0.834786328,0.1824714,0.280217026,0.866674729,0.377841475,0.461106055,0.153950441,0
0.779123483,0.838679922,0.198071287,0.279719656,0.873688666,0.377218548,0.491675143,0.161632899,1
0.747669271,0.833213796,0.171031483,0.288444098,0.80022372,0.387646142,0.460784839,0.132786021,1
0.711542306,0.832574652,0.167722417,0.280813359,0.858965444,0.378036069,0.412655924,0.128492882,0
0.767446273,0.8378624,0.200245816,0.27907893,0.883665387,0.373141005,0.5150704,0.15862017,0
0.779546403,0.837492683,0.192304056,0.290454486,0.791395834,0.385970838,0.503292467,0.1446863,0
0.753883672,0.83772839,0.203365794,0.275987318,0.954560571,0.370732056,0.490069062,0.155758078,0
0.747930004,0.836204734,0.197693108,0.279578169,0.87580494,0.372506895,0.445366454,0.156812533,0
0.767771957,0.837576199,0.197220384,0.280670216,0.860749161,0.37793989,0.481610365,0.154703623,0
0.756953011,0.833672421,0.163656992,0.291600911,0.787042356,0.385562636,0.4547888,0.112902011,1
0.76770662,0.837393583,0.200151272,0.281573014,0.850137558,0.379519015,0.487713475,0.155456805,0
0.779075911,0.838630882,0.200529451,0.280105772,0.868186353,0.376519572,0.502971251,0.157415079,0
0.726132853,0.836183474,0.189278623,0.276028089,0.953260574,0.371266633,0.427967236,0.150033893,0
0.783782238,0.83919834,0.207903943,0.278040406,0.902590924,0.370417797,0.496172172,0.164796264,0
0.771411645,0.838673972,0.20686395,0.276091541,0.95126523,0.371255449,0.487767011,0.163967764,0
0.748700177,0.834097653,0.189656802,0.286192814,0.812407413,0.378416312,0.486000321,0.153272577,1
0.759938746,0.837489599,0.190224071,0.278274935,0.897965354,0.374622833,0.472348627,0.135120886,0
0.787422138,0.835236715,0.174246005,0.349303088,0.72669831,0.417252501,0.49633278,0.134819613,0
0.737801885,0.831685223,0.163656992,0.288774375,0.798651631,0.373930568,0.430751111,0.129697974,1
0.753567655,0.83402617,0.189467713,0.288517876,0.799860931,0.382649307,0.47202741,0.150109211,1
0.762014426,0.837244746,0.200245816,0.279939334,0.870514255,0.372784248,0.485143744,0.15229344,0
0.780432805,0.838737184,0.205918502,0.280171303,0.867279378,0.373730381,0.498206542,0.162084808,0
0.760910196,0.837072537,0.208754845,0.280273486,0.865888684,0.376727587,0.529739279,0.156134669,0
0.728648941,0.831773761,0.189467713,0.285768371,0.815037639,0.385771769,0.451469565,0.141146343,1
0.759811242,0.838068118,0.201380354,0.27593167,0.956344288,0.370963557,0.460195942,0.163515854,0
0.711471222,0.833768425,0.195329489,0.278766204,0.888986305,0.370860668,0.440708817,0.147774347,0
0.74899748,0.837568154,0.205823958,0.275654873,0.965625661,0.369637181,0.468815247,0.163967764,0
0.769345368,0.837952383,0.202136712,0.27937764,0.878888654,0.376113608,0.502757107,0.15862017,0
0.752206173,0.836030483,0.19060225,0.281277664,0.853432899,0.378618735,0.467637454,0.150033893,0
0.768551572,0.837589924,0.202609436,0.280956708,0.85721196,0.376324978,0.479522458,0.160352489,0
0.730177368,0.834077181,0.177365983,0.28113273,0.855125918,0.374636253,0.386905081,0.128944792,0
0.778872951,0.838525838,0.200151272,0.280849407,0.858511957,0.377246507,0.493655977,0.156059351,0
0.766918568,0.837954833,0.193816772,0.278419814,0.89524443,0.373711369,0.4849296,0.155080214,0
0.775185863,0.837906253,0.195991302,0.282880295,0.837077123,0.380131877,0.511858237,0.153498531,0
0.701107375,0.830590645,0.1662097,0.282425541,0.841339904,0.381373257,0.398094116,0.133313248,1
0.766512939,0.837142529,0.191925877,0.28225449,0.843032923,0.378897207,0.471331442,0.149657302,0
0.753137804,0.837359654,0.198827645,0.27709064,0.923693201,0.370717518,0.468065742,0.154176395,0
0.753452174,0.8379129,0.200151272,0.275281164,0.979260513,0.369637181,0.453289791,0.158846125,0
0.779687124,0.838671763,0.205540323,0.280196011,0.866946821,0.369637181,0.49049735,0.16118099,0
0.762672759,0.835003233,0.191925877,0.28988273,0.793753968,0.383835887,0.469885968,0.151690894,0
0.741433925,0.829357204,0.190318616,0.296308421,0.772893551,0.388641483,0.492692328,0.13873616,1
0.751652454,0.833237831,0.185024109,0.290198432,0.792423739,0.38334269,0.470207185,0.148753483,1
0.767650024,0.83447918,0.189278623,0.296389593,0.772681924,0.393782586,0.482413405,0.15184153,1
0.779707532,0.838612491,0.204594876,0.280737351,0.859902651,0.372777538,0.497564109,0.157866988,0
0.771309423,0.838293625,0.200151272,0.278283206,0.897814191,0.370752187,0.484447776,0.15733976,0
0.749262714,0.835879661,0.201191264,0.280910274,0.857786377,0.378875958,0.463729322,0.15779167,0
0.781044422,0.833213064,0.184267751,0.334099842,0.732382018,0.433251768,0.474329461,0.136175341,0
0.750506801,0.836093718,0.201663988,0.280583042,0.861837531,0.377569713,0.479736603,0.149280711,0
0.757735157,0.835287554,0.182282311,0.285991215,0.813646945,0.384709327,0.46008887,0.146267982,0
0.781552144,0.83882715,0.205823958,0.28021189,0.866735194,0.373918266,0.511322876,0.162160127,0
0.767947984,0.837623303,0.190696795,0.280506996,0.862835203,0.375781454,0.479308314,0.149958575,0
0.770709012,0.836781785,0.194100407,0.286673693,0.809535327,0.384759653,0.498527758,0.154552986,1
0.768486541,0.837239224,0.198260376,0.282766782,0.838105028,0.378269807,0.481342684,0.152444076,0
0.782446064,0.838155207,0.200056727,0.288190564,0.801463252,0.382827126,0.489533701,0.154929577,0
0.760639179,0.835992408,0.205823958,0.284588574,0.823109714,0.380159836,0.502917715,0.173608496,1
0.739281727,0.835630083,0.191547698,0.279282741,0.880370046,0.374404753,0.440655281,0.148150938,0
0.739843159,0.835686288,0.191736787,0.279250609,0.880883998,0.373394873,0.470314257,0.146192664,0
0.767056514,0.834982316,0.194005862,0.293297757,0.781328416,0.393736733,0.501097489,0.155456805,1
0.749403356,0.834731224,0.201569443,0.284504963,0.823714363,0.382384255,0.489319557,0.159674625,0
0.707755813,0.82750103,0.167155148,0.288556425,0.799679536,0.38266049,0.386583864,0.132258793,1
0.746036652,0.835796177,0.188711355,0.280321148,0.865253802,0.375658435,0.452165533,0.153197258,0
0.792322596,0.839776011,0.200056727,0.278573201,0.892402576,0.37014268,0.499705552,0.163666491,0
0.758458977,0.836445579,0.187954997,0.281885519,0.846781752,0.374164305,0.455645377,0.148301574,0
0.787758396,0.838953356,0.203743973,0.287199293,0.806602775,0.380711188,0.49986616,0.160201853,0
0.75000086,0.834427006,0.184173206,0.285672934,0.815672522,0.378563936,0.445634135,0.145665436,0
0.744729982,0.835306444,0.190507705,0.28138648,0.852223599,0.378340263,0.454895872,0.148376892,0
0.766422673,0.838435621,0.208187577,0.275898984,0.957402425,0.369637181,0.486375074,0.163817127,0
0.782639246,0.838806785,0.206958495,0.281424883,0.851770112,0.37539562,0.506825847,0.162837991,0
0.759940182,0.837393653,0.200245816,0.278659365,0.890860719,0.37243532,0.472937523,0.159749944,0
0.698641688,0.828696643,0.184078661,0.284866621,0.82111437,0.372656755,0.375394828,0.144987572,1
0.727138222,0.832901046,0.137751725,0.283018834,0.835807359,0.382917713,0.431821832,0.091511637,1
0.772463114,0.83809759,0.201191264,0.279988277,0.869818907,0.377098883,0.512661277,0.16118099,0
0.773187218,0.836626651,0.191169519,0.289682425,0.794600478,0.374716775,0.483644735,0.152670031,0
0.791425777,0.83973804,0.206107592,0.277698622,0.909695559,0.37334902,0.49783179,0.163666491,0
0.744739801,0.837546641,0.200529451,0.275084527,0.987030263,0.369637181,0.442636115,0.159222716,0
0.788837592,0.839480438,0.209605748,0.279414925,0.878284004,0.374431593,0.51357139,0.165700083,0
0.681367693,0.8343218,0.187009549,0.275259334,0.980107023,0.369639418,0.433909738,0.140167206,0
0.750169008,0.837857781,0.202325801,0.274937292,0.993137225,0.369637181,0.462551528,0.162160127,0
0.776271462,0.835517283,0.193533138,0.301198109,0.762433111,0.401986879,0.500347984,0.15779167,0
0.762550471,0.83815979,0.201096719,0.27618117,0.948514073,0.370370826,0.466887949,0.15990058,0
0.776787652,0.838422549,0.206769405,0.280234941,0.866432869,0.375119385,0.489587237,0.15990058,0
0.72972537,0.833378792,0.197220384,0.282563341,0.840009674,0.377335976,0.476417367,0.149506666,0
0.71962458,0.832502048,0.194478586,0.282300234,0.842579436,0.371613325,0.381497939,0.154025759,0
0.780164179,0.838984208,0.206107592,0.277709214,0.909453699,0.372824509,0.49429841,0.163365218,0
0.754015957,0.837080377,0.194384041,0.278239475,0.898660701,0.374201211,0.53230901,0.150937712,0
0.761529098,0.837249344,0.197787652,0.279752657,0.873204946,0.373095152,0.481182076,0.158469534,0
0.748854377,0.837757526,0.204027607,0.275052305,0.988360492,0.369637181,0.458108036,0.155984033,0
0.750476984,0.836191714,0.196369481,0.280264247,0.866009614,0.376085649,0.474329461,0.156134669,1
0.750126787,0.836894258,0.197409473,0.277961404,0.904193246,0.372540446,0.436800685,0.14890412,0
0.757101344,0.836228692,0.179162333,0.282207175,0.84348641,0.378585184,0.466513197,0.143255253,0
0.773758618,0.838735756,0.196274936,0.276539105,0.938114097,0.370493846,0.486053857,0.154778941,0
0.761121358,0.836996486,0.196653115,0.280662219,0.860839859,0.376898697,0.492692328,0.157415079,0
0.768341348,0.838089903,0.201285809,0.278248272,0.898479306,0.374426001,0.518175491,0.145740755,0
0.767152957,0.837975503,0.199489458,0.278400635,0.895576987,0.374033457,0.496439852,0.157490397,1
0.783193159,0.838666631,0.203933062,0.283589328,0.830909696,0.38286515,0.493388297,0.160126535,0
0.77684158,0.837825677,0.205823958,0.284772172,0.821779484,0.374113979,0.488141763,0.162687354,0
0.714301693,0.828508422,0.167438782,0.288421119,0.800314418,0.387256952,0.404143691,0.131430293,1
0.776978829,0.838558252,0.206107592,0.279326434,0.879674698,0.376356292,0.503506612,0.163440536,0
0.771123917,0.837950996,0.202325801,0.280196189,0.866946821,0.377190589,0.464050538,0.147473074,0
0.773156932,0.837667844,0.194478586,0.283069037,0.835384104,0.378854709,0.492103432,0.152670031,0
0.758175287,0.833414062,0.169329678,0.293348281,0.781177253,0.391831047,0.464371754,0.131505611,1
0.758122904,0.837942654,0.203838518,0.276058647,0.952293134,0.369637181,0.47122437,0.161030353,0
0.694384013,0.829053462,0.170842394,0.283656081,0.830365511,0.376843897,0.385673751,0.139263388,1
0.780512736,0.838750875,0.20686395,0.280106141,0.868186353,0.374419291,0.49403073,0.162837991,0
0.775822332,0.838596461,0.199867637,0.278405633,0.89548629,0.371887323,0.49049735,0.160051216,0
0.744470039,0.836422435,0.201285809,0.278194985,0.89950721,0.373766169,0.49809947,0.15229344,0
0.720667119,0.835809099,0.19457313,0.27616675,0.948967561,0.370266818,0.434766315,0.151088348,0
0.721652463,0.829778073,0.167816961,0.287972327,0.802551622,0.381532065,0.417688313,0.129472019,0
0.716154162,0.827551389,0.152500709,0.290622069,0.790730719,0.391689015,0.399057765,0.093168637,0
0.7755122,0.838442578,0.204311241,0.279334076,0.879553768,0.37637083,0.486321538,0.161858854,0
0.778741839,0.838983377,0.209794838,0.276918906,0.927986214,0.369637181,0.487445795,0.166001356,0
0.784723719,0.839214997,0.207998487,0.278663381,0.890800254,0.37491137,0.517051234,0.162160127,0
0.699595664,0.831691482,0.185024109,0.280553838,0.862230553,0.377437746,0.379517105,0.144460345,0
0.770971898,0.838488533,0.203365794,0.277020358,0.925416453,0.370897574,0.479950747,0.163063945,0
0.779253013,0.837037538,0.198827645,0.293990744,0.779212141,0.399081379,0.489480165,0.158770807,0
0.766873054,0.837846415,0.213860263,0.278941036,0.885963056,0.373861229,0.524813962,0.160427807,0
0.741551081,0.836071198,0.190413161,0.278582024,0.892251413,0.372187044,0.44285026,0.150787075,0
0.79651736,0.840100498,0.201285809,0.283249635,0.833781782,0.37887484,0.494244874,0.165700083,0
0.780347253,0.838886549,0.209889383,0.278724768,0.889711884,0.375018733,0.514053215,0.165248174,0
0.741605618,0.835234938,0.183322303,0.280810286,0.858995677,0.37622768,0.4357835,0.148301574,0
0.716845343,0.827890214,0.169140588,0.290201893,0.792423739,0.390284354,0.405749772,0.13873616,1
0.754783249,0.835936293,0.185969557,0.282434527,0.841249206,0.379327776,0.48519728,0.143631845,1
0.761559131,0.835301613,0.180013236,0.287925681,0.802763249,0.378948652,0.477434552,0.138058296,0
0.772904746,0.837796506,0.197598563,0.282100053,0.84457478,0.377731875,0.482574014,0.156435942,1
0.780052148,0.838681281,0.205540323,0.280388304,0.86437706,0.372041657,0.49076503,0.16200949,0
0.760554787,0.836851735,0.204027607,0.281050004,0.856093358,0.375216682,0.49253172,0.159599307,0
0.763908805,0.837967884,0.202420346,0.277388465,0.916588566,0.372762999,0.438246159,0.156059351,0
0.779833055,0.83896641,0.204216697,0.27767024,0.910300209,0.369660667,0.494833771,0.162310763,0
0.76997061,0.838033289,0.20289307,0.279201026,0.881670043,0.373837744,0.515284544,0.162612036,0
0.797447683,0.840158356,0.203743973,0.279406015,0.878435166,0.371278935,0.494084266,0.170746404,0
0.744157416,0.836190428,0.20468942,0.278779433,0.888744445,0.37504781,0.516248193,0.145740755,0
0.766961581,0.838654796,0.170747849,0.274954825,0.992411646,0.369637181,0.472562771,0.12096106,0
0.796666923,0.840094897,0.208565756,0.279003357,0.884935151,0.37072982,0.507950104,0.170746404,0
0.774682028,0.838369834,0.201853077,0.279387193,0.878737491,0.376072228,0.479201242,0.163741809,0
0.738702356,0.83411093,0.170747849,0.282993583,0.836049218,0.38108472,0.436961293,0.13579875,1
0.772396055,0.836524743,0.193249504,0.28957982,0.795023733,0.383536167,0.488141763,0.151690894,0
0.753686455,0.835826159,0.191642243,0.282437194,0.841218974,0.381024329,0.487071042,0.149280711,0
