 Net Income to Total Assets, Net Income to Stockholder's Equity, Persistent EPS in the Last Four Seasons, Liability to Equity, Net worth/Assets, Borrowing dependency, ROA(B) before interest and depreciation after tax, Per Share Net profit before tax (Yuan ¥),Bankrupt?
0.663710127,0.818085707,0.182282311,0.291991946,0.785651661,0.375301678,0.324267894,0.126383972,0
0.519387511,0.856906171,0.079512149,0.259279798,0.474589594,0.357055625,0.22142513,0.054304436,1
0.631837913,0.823295574,0.176231446,0.282770736,0.838074795,0.378423022,0.343487339,0.12819161,0
0.603821761,0.787292524,0.121206391,0.307630203,0.752637785,0.396166931,0.275014722,0.098516231,1
0.224792041,0.770902276,0.166966058,0.285510762,0.816700426,0.374604939,0.0,0.132560066,0
0.646740268,0.828506937,0.17651508,0.279206212,0.881609578,0.376602331,0.353445045,0.139414024,1
0.420995463,0.744086343,0.132268129,0.30494406,0.756295916,0.401446711,0.112425719,0.107705054,1
0.527263385,0.818822907,0.154391604,0.279446881,0.877800284,0.374062534,0.290218962,0.098892822,1
0.504479022,0.822329964,0.167438782,0.276823497,0.930435045,0.369637181,0.171636597,0.142728026,0
0.54232561,0.0,0.143708046,0.745352004,0.706291381,1.0,0.360886557,0.089402727,1
0.526911731,0.798485206,0.159875201,0.2903252,0.791909786,0.383173818,0.20675625,0.127137154,0
0.652583499,0.828248399,0.078566701,0.279920075,0.870786347,0.369637181,0.333636704,0.050237252,0
0.584583147,0.827164864,0.163656992,0.276845586,0.929860628,0.369637181,0.033513571,0.12141297,1
0.605901563,0.344652473,0.101824714,0.643691826,0.707409983,0.734610799,0.237271803,0.07614672,1
0.707830214,0.820644827,0.158173395,0.299786257,0.765123802,0.405677469,0.372182665,0.123145289,1
0.699016167,0.834677933,0.187671362,0.276039321,0.952897784,0.370217611,0.259382194,0.142577389,0
0.557733072,0.726888084,0.164791529,0.336515401,0.731293648,0.402533758,0.378446384,0.091737591,1
0.61147157,0.830842043,0.179067789,0.275252645,0.980379115,0.369637181,0.225386798,0.139790615,0
0.574453018,0.81386684,0.143518956,0.285095583,0.819512048,0.384307835,0.345146956,0.093771183,1
0.525650952,1.0,0.084239387,0.182790359,0.678628654,0.262035237,0.054820922,0.067485125,1
0.665513507,0.830563164,0.167627872,0.2785377,0.893067691,0.373817613,0.306119171,0.134744295,0
0.543928416,0.801049816,0.165075163,0.290361681,0.791758624,0.383924238,0.272819744,0.129697974,0
0.650284583,0.8296894,0.169235133,0.27830745,0.897360704,0.371679308,0.33342256,0.121036379,1
0.57288145,0.916328879,0.173300558,0.218785275,0.661517066,0.295893604,0.430055142,0.085561497,1
0.412620988,0.813135174,0.160537014,0.278181796,0.899779303,0.369637181,0.091760801,0.127363109,0
0.629384099,0.82038781,0.183795027,0.285069765,0.819693443,0.38085322,0.393115263,0.131580929,0
0.68183741,0.833552315,0.183795027,0.276260681,0.946125707,0.369872037,0.283634028,0.138359569,0
0.616497633,0.817660273,0.169424222,0.286039063,0.81334462,0.376358529,0.345414637,0.129095428,1
0.64180449,0.765967312,0.15429706,0.337315248,0.730961091,0.458818609,0.380213074,0.106274008,1
0.435568954,0.799768522,0.176042356,0.284170554,0.826253892,0.369637181,0.208362332,0.15357385,1
0.717613798,0.442175535,0.112319183,1.0,0.704809989,0.954819351,0.450131163,0.082774723,1
0.591716223,0.802292372,0.163656992,0.294701603,0.777156332,0.395236455,0.183200385,0.129472019,0
0.705558504,0.841826152,0.180296871,0.265220058,0.0,0.357440341,0.30301408,0.142728026,0
0.675055666,0.825020779,0.149569821,0.28597067,0.813767875,0.384326848,0.368328069,0.119228741,0
0.707020111,0.785534076,0.173016924,0.356393782,0.724733198,0.465365491,0.386744472,0.139639979,0
0.503219421,0.770996109,0.136806278,0.302055638,0.760921486,0.401520523,0.291396756,0.080289222,1
0.51445251,0.80216209,0.122340928,0.287457823,0.805212081,0.380537842,0.228652497,0.090381863,1
0.680435547,0.81197077,0.150231635,0.303084681,0.759198234,0.403653237,0.369773542,0.098290276,0
0.685642185,0.819207378,0.107024676,0.295283654,0.77555401,0.388427876,0.340435784,0.088724863,0
0.677637991,0.827521579,0.162049731,0.283315424,0.833207365,0.382900938,0.343219658,0.125103563,1
0.68162854,0.811706387,0.154580694,0.303783387,0.758079632,0.407259949,0.259810482,0.075694811,0
0.651222623,0.832022855,0.197220384,0.276050405,0.952565227,0.369637181,0.279244071,0.15779167,0
0.661031492,0.637575697,0.109577385,0.484318141,0.711340206,0.669025662,0.359441084,0.088724863,1
0.619552998,0.634587423,0.138697173,0.435907361,0.714000665,0.613650038,0.245141603,0.009113505,0
0.481836251,0.798727722,0.132079039,0.287019925,0.807600447,0.385388172,0.112211574,0.099721323,1
0.659322806,0.824902647,0.153067978,0.284033609,0.82731203,0.376499442,0.345949997,0.129246065,1
0.411809225,0.996911695,0.190224071,0.209221714,0.668107749,0.279725465,0.464585899,0.079460722,1
0.650349466,0.830900523,0.181431408,0.277113333,0.923118783,0.371529448,0.331870014,0.144836936,0
0.573295939,0.775622555,0.14399168,0.309758841,0.750037791,0.411363214,0.226725199,0.101453642,1
0.644735514,0.829235044,0.139264442,0.278364663,0.896272334,0.371390771,0.312489962,0.109663328,0
0.605229703,0.824988297,0.17434055,0.279440417,0.877890982,0.374040167,0.305530275,0.133840476,1
